yyyy: 2016; steps: 46; step: 30
doy, yyyy, npb,  ch4flnm
001, 2016, 040, CH4_EMISSION.2016D001
031, 2016, 040, CH4_EMISSION.2016D031
061, 2016, 040, CH4_EMISSION.2016D061
091, 2016, 040, CH4_EMISSION.2016D091
121, 2016, 040, CH4_EMISSION.2016D121
151, 2016, 040, CH4_EMISSION.2016D151
181, 2016, 040, CH4_EMISSION.2016D181
211, 2016, 040, CH4_EMISSION.2016D211
241, 2016, 040, CH4_EMISSION.2016D241
271, 2016, 040, CH4_EMISSION.2016D271
301, 2016, 040, CH4_EMISSION.2016D301
331, 2016, 040, CH4_EMISSION.2016D331
361, 2016, 040, CH4_EMISSION.2016D361
001, 2017, 040, CH4_EMISSION.2017D001
031, 2017, 040, CH4_EMISSION.2017D031
061, 2017, 040, CH4_EMISSION.2017D061
091, 2017, 040, CH4_EMISSION.2017D091
121, 2017, 040, CH4_EMISSION.2017D121
151, 2017, 040, CH4_EMISSION.2017D151
181, 2017, 040, CH4_EMISSION.2017D181
211, 2017, 040, CH4_EMISSION.2017D211
241, 2017, 040, CH4_EMISSION.2017D241
271, 2017, 040, CH4_EMISSION.2017D271
301, 2017, 040, CH4_EMISSION.2017D301
331, 2017, 040, CH4_EMISSION.2017D331
361, 2017, 040, CH4_EMISSION.2017D361
001, 2018, 040, CH4_EMISSION.2018D001
031, 2018, 040, CH4_EMISSION.2018D031
061, 2018, 040, CH4_EMISSION.2018D061
091, 2018, 040, CH4_EMISSION.2018D091
121, 2018, 040, CH4_EMISSION.2018D121
151, 2018, 040, CH4_EMISSION.2018D151
181, 2018, 040, CH4_EMISSION.2018D181
211, 2018, 040, CH4_EMISSION.2018D211
241, 2018, 040, CH4_EMISSION.2018D241
271, 2018, 040, CH4_EMISSION.2018D271
301, 2018, 040, CH4_EMISSION.2018D301
331, 2018, 040, CH4_EMISSION.2018D331
361, 2018, 040, CH4_EMISSION.2018D361
001, 2019, 040, CH4_EMISSION.2019D001
031, 2019, 040, CH4_EMISSION.2019D031
061, 2019, 040, CH4_EMISSION.2019D061
091, 2019, 040, CH4_EMISSION.2019D091
121, 2019, 040, CH4_EMISSION.2019D121
151, 2019, 040, CH4_EMISSION.2019D151
181, 2019, 040, CH4_EMISSION.2019D181
